"pathwayId"	"pathwayName"	"annMoleculeRatio"	"annBgRatio"	"pvalue"	"fdr"	"annMoleculeList"	"annBgMoleculeList"
"path:04060"	"Cytokine-cytokine receptor interaction"	"20/976"	"213/21796"	0.00148727849174923	0.325713989693082	"10673;116379;1233;2057;27190;2826;355;3566;3572;3590;3597;3600;3606;4050;50615;55801;6387;7133;8600;8742"	"10563;10663;10673;10803;10913;115650;116379;1230;1232;1233;1234;1235;1236;1237;1270;1271;1435;1436;1437;1438;1439;1440;1441;1489;149233;1524;163702;1896;1950;1956;2056;2057;2277;2321;2322;2323;2324;23495;23529;23765;268;269;2690;27190;27242;2826;2829;2833;3082;338376;3439;3440;3441;3442;3443;3444;3445;3446;3447;3448;3449;3451;3452;3454;3455;3456;3458;3459;3460;3467;355;3552;3553;3554;3556;3558;3559;356;3560;3561;3562;3563;3565;3566;3567;3568;3569;3570;3572;3574;3575;3576;3577;3578;3579;3581;3586;3587;3588;3589;3590;3592;3593;3594;3595;3596;3597;3600;3601;3604;3605;3606;3627;3791;3815;388372;3952;3953;3976;3977;4049;4050;4055;414062;4233;4254;4283;4352;4804;4982;5008;50615;50616;51330;5156;51561;5159;5196;5197;53832;53833;5473;55504;55540;55801;5617;5618;56832;57007;58191;58985;59067;60401;608;6348;6349;6351;6352;6370;6373;6376;6387;64109;643;64806;657;658;659;7040;7042;7043;7046;7048;7124;7132;7133;7173;7292;729230;7293;7424;7850;7852;84957;85480;8600;8718;8740;8741;8742;8743;8744;8764;8771;8784;8792;8807;8809;8995;90;91;9180;92;93;939;943;944;9547;9560;958;959;970;9966"
"path:03040"	"Spliceosome"	"13/976"	"128/21796"	0.00490554201388782	0.425626610145726	"10286;11017;22938;23020;23658;24148;27258;3303;51639;6427;6432;6634;9939"	"10084;10189;10262;10285;10286;10291;10450;10465;10523;10569;10594;10713;10772;10907;10915;10929;10946;10992;11017;11157;11325;11338;144983;151903;153527;1655;1659;1665;220988;22827;22916;22938;22985;23020;23350;23450;23451;23658;24148;25766;25804;25949;26121;27258;27316;27339;29896;3178;3183;3190;3192;3303;3304;3305;3306;3310;3312;4116;4670;4686;4809;494115;5093;51340;51362;51503;51639;51645;51690;51691;51729;5356;55110;55119;55660;55696;56259;56949;57187;57461;57819;58517;6426;6427;6428;6429;6430;6431;6432;6434;653884;6625;6626;6627;6628;6629;6631;6632;6633;6634;6635;6636;6637;7307;7919;8175;83443;84321;8449;84844;84950;84991;8559;8683;8896;9092;9128;9129;9343;9410;9416;9716;9775;9785;9879;988;9939;9984"
"path:00514"	"O-Mannosyl glycan biosynthesis"	"2/976"	"3/21796"	0.00583050150884556	0.425626610145726	"10585;55624"	"10585;29954;55624"
"path:04115"	"p53 signaling pathway"	"8/976"	"67/21796"	0.00989206676971455	0.541590655641871	"3479;355;4616;55240;7249;83667;901;9538"	"1017;1019;1021;1026;1029;10912;1111;11200;143686;1643;1647;25898;27113;27244;2810;317;3479;3486;355;3732;4193;4194;4616;472;50484;5054;51246;51512;5268;5366;54205;545;55240;55367;56475;5728;575;581;595;6241;637;63970;64065;64326;64393;6477;651610;7157;7161;7249;836;83667;841;842;8493;85417;891;894;896;898;900;901;9133;9134;9538;9540;983"
"path:04610"	"Complement and coagulation cascades"	"7/976"	"69/21796"	0.03437337548002	1	"2162;2243;3053;3426;5327;714;718"	"10747;1361;1378;1380;1604;1675;2;2147;2149;2152;2153;2155;2157;2158;2159;2160;2161;2162;2165;2243;2244;2266;3053;3075;3426;3818;3827;4153;4179;462;5054;5104;5265;5327;5328;5329;5340;5345;5624;5627;5648;623;624;629;7035;7056;710;712;713;714;715;716;717;718;719;720;721;722;725;727;728;729;730;731;732;733;735;7450;966"
