"pathwayId"	"pathwayName"	"annMoleculeRatio"	"annBgRatio"	"pvalue"	"fdr"	"annMoleculeList"	"annBgMoleculeList"
"path:02010"	"ABC transporters"	"6/1105"	"44/21796"	0.0227809542512498	1	"10057;10351;20;23457;5243;89845"	"10057;10058;10060;10257;10347;10349;10350;10351;1080;11194;1244;154664;19;20;21;215;22;225;23456;23457;23460;23461;24;26154;340273;368;4363;5243;5244;5825;5826;64137;64240;64241;6833;6890;6891;85320;8647;8714;89845;94160;9429;9619"
"path:04330"	"Notch signaling pathway"	"6/1105"	"47/21796"	0.0305214137954304	1	"1487;1488;23385;4851;4855;5986"	"10683;11317;113878;1387;1487;1488;151636;171558;182;1840;1855;1856;1857;196403;2033;22938;23220;23385;2648;28514;3065;3066;3280;3516;3714;388585;3955;4242;4851;4853;4854;4855;51107;54567;55534;55851;5663;5664;5986;6868;84441;8650;8850;9253;9541;9612;9794"
"path:04060"	"Cytokine-cytokine receptor interaction"	"17/1105"	"213/21796"	0.0436109433515505	1	"116379;1441;163702;2057;27190;3572;3578;3590;3606;3977;4050;60401;6387;657;7042;8600;958"	"10563;10663;10673;10803;10913;115650;116379;1230;1232;1233;1234;1235;1236;1237;1270;1271;1435;1436;1437;1438;1439;1440;1441;1489;149233;1524;163702;1896;1950;1956;2056;2057;2277;2321;2322;2323;2324;23495;23529;23765;268;269;2690;27190;27242;2826;2829;2833;3082;338376;3439;3440;3441;3442;3443;3444;3445;3446;3447;3448;3449;3451;3452;3454;3455;3456;3458;3459;3460;3467;355;3552;3553;3554;3556;3558;3559;356;3560;3561;3562;3563;3565;3566;3567;3568;3569;3570;3572;3574;3575;3576;3577;3578;3579;3581;3586;3587;3588;3589;3590;3592;3593;3594;3595;3596;3597;3600;3601;3604;3605;3606;3627;3791;3815;388372;3952;3953;3976;3977;4049;4050;4055;414062;4233;4254;4283;4352;4804;4982;5008;50615;50616;51330;5156;51561;5159;5196;5197;53832;53833;5473;55504;55540;55801;5617;5618;56832;57007;58191;58985;59067;60401;608;6348;6349;6351;6352;6370;6373;6376;6387;64109;643;64806;657;658;659;7040;7042;7043;7046;7048;7124;7132;7133;7173;7292;729230;7293;7424;7850;7852;84957;85480;8600;8718;8740;8741;8742;8743;8744;8764;8771;8784;8792;8807;8809;8995;90;91;9180;92;93;939;943;944;9547;9560;958;959;970;9966"
"path:05130"	"Pathogenic Escherichia coli infection"	"6/1105"	"52/21796"	0.0468885880785427	1	"203068;25;347733;7277;8440;8976"	"10092;10093;10094;10095;10109;10376;10381;10382;10383;10552;112714;113457;1499;2017;203068;23643;25;2534;3059;347688;347733;3688;387;4690;4691;4950;51807;56604;60;6093;653888;7099;71;7100;7277;7278;7280;7430;7454;7846;79861;81027;81873;8440;84617;84790;8976;9181;929;9475;998;999"
