"pathwayId"	"pathwayName"	"annMoleculeRatio"	"annBgRatio"	"pvalue"	"fdr"	"annMoleculeList"	"annBgMoleculeList"
"path:03040"	"Spliceosome"	"8/574"	"128/21796"	0.0201260408876038	1	"23020;23451;24148;3178;3303;3312;55660;6634"	"10084;10189;10262;10285;10286;10291;10450;10465;10523;10569;10594;10713;10772;10907;10915;10929;10946;10992;11017;11157;11325;11338;144983;151903;153527;1655;1659;1665;220988;22827;22916;22938;22985;23020;23350;23450;23451;23658;24148;25766;25804;25949;26121;27258;27316;27339;29896;3178;3183;3190;3192;3303;3304;3305;3306;3310;3312;4116;4670;4686;4809;494115;5093;51340;51362;51503;51639;51645;51690;51691;51729;5356;55110;55119;55660;55696;56259;56949;57187;57461;57819;58517;6426;6427;6428;6429;6430;6431;6432;6434;653884;6625;6626;6627;6628;6629;6631;6632;6633;6634;6635;6636;6637;7307;7919;8175;83443;84321;8449;84844;84950;84991;8559;8683;8896;9092;9128;9129;9343;9410;9416;9716;9775;9785;9879;988;9939;9984"
"path:04141"	"Protein processing in endoplasmic reticulum"	"9/574"	"167/21796"	0.0331099690803507	1	"10952;11253;1410;1650;3303;3312;3337;6185;92552"	"100289713;10113;10130;10134;10273;10277;10294;10299;10427;10477;10483;10484;10525;10802;10808;10905;10952;10956;10960;10961;10970;11231;11253;118424;120329;1388;1409;1410;143630;1603;1649;1650;1965;201595;2081;22824;22872;22926;23193;23471;23480;23640;23645;258010;25956;26232;26270;267;27102;27248;285126;2923;29927;29978;29979;30001;3300;3301;3303;3304;3305;3306;3309;3310;3312;3320;3326;3337;3703;3998;4121;4217;4287;440275;468;4780;5034;50613;5071;51009;51128;51360;51465;51619;51726;54431;54788;55176;55432;55666;55741;55757;55768;55829;5589;55968;5599;5601;5602;5609;5610;5611;56605;56681;56886;56893;57134;573;578;581;5886;5887;596;6048;6184;6185;6238;6396;6400;64215;64374;6500;6745;6746;6747;6748;7095;7184;7186;7321;7322;7323;7324;7325;7326;7327;7353;7415;7466;7494;7841;79139;79748;7991;80267;80331;80700;811;81567;821;823;824;84447;8454;85479;8720;91319;92552;9373;9451;9532;9601;9632;9695;9709;9871;9978"
"path:04610"	"Complement and coagulation cascades"	"5/574"	"69/21796"	0.0352673419284879	1	"2152;2243;3053;5328;735"	"10747;1361;1378;1380;1604;1675;2;2147;2149;2152;2153;2155;2157;2158;2159;2160;2161;2162;2165;2243;2244;2266;3053;3075;3426;3818;3827;4153;4179;462;5054;5104;5265;5327;5328;5329;5340;5345;5624;5627;5648;623;624;629;7035;7056;710;712;713;714;715;716;717;718;719;720;721;722;725;727;728;729;730;731;732;733;735;7450;966"
"path:05220"	"Chronic myeloid leukemia"	"5/574"	"72/21796"	0.0412268213774887	1	"1487;25;5970;7046;9846"	"10000;1019;1021;1026;1027;1029;1147;1398;1399;1487;1488;1869;1870;1871;207;208;2122;23533;23624;25;25759;2885;3065;3066;3265;3551;369;3845;399694;4089;4193;4609;4790;4792;4893;5290;5291;5293;5294;5295;5296;53358;5594;5595;5604;5605;572;5781;5894;5925;595;5970;598;613;6464;6654;6655;673;6776;6777;7040;7042;7043;7046;7048;7157;8503;8517;861;867;868;9846"
