"pathwayId"	"pathwayName"	"annMoleculeRatio"	"annBgRatio"	"pvalue"	"fdr"	"annMoleculeList"	"annBgMoleculeList"
"path:04060"	"Cytokine-cytokine receptor interaction"	"20/1047"	"213/21796"	0.0033383717725628	0.731103418191253	"10803;116379;149233;1950;3552;3590;3594;3606;3953;3977;4050;50615;55801;657;7046;8600;8742;8743;8744;943"	"10563;10663;10673;10803;10913;115650;116379;1230;1232;1233;1234;1235;1236;1237;1270;1271;1435;1436;1437;1438;1439;1440;1441;1489;149233;1524;163702;1896;1950;1956;2056;2057;2277;2321;2322;2323;2324;23495;23529;23765;268;269;2690;27190;27242;2826;2829;2833;3082;338376;3439;3440;3441;3442;3443;3444;3445;3446;3447;3448;3449;3451;3452;3454;3455;3456;3458;3459;3460;3467;355;3552;3553;3554;3556;3558;3559;356;3560;3561;3562;3563;3565;3566;3567;3568;3569;3570;3572;3574;3575;3576;3577;3578;3579;3581;3586;3587;3588;3589;3590;3592;3593;3594;3595;3596;3597;3600;3601;3604;3605;3606;3627;3791;3815;388372;3952;3953;3976;3977;4049;4050;4055;414062;4233;4254;4283;4352;4804;4982;5008;50615;50616;51330;5156;51561;5159;5196;5197;53832;53833;5473;55504;55540;55801;5617;5618;56832;57007;58191;58985;59067;60401;608;6348;6349;6351;6352;6370;6373;6376;6387;64109;643;64806;657;658;659;7040;7042;7043;7046;7048;7124;7132;7133;7173;7292;729230;7293;7424;7850;7852;84957;85480;8600;8718;8740;8741;8742;8743;8744;8764;8771;8784;8792;8807;8809;8995;90;91;9180;92;93;939;943;944;9547;9560;958;959;970;9966"
"path:04920"	"Adipocytokine signaling pathway"	"7/1047"	"65/21796"	0.0358592323549211	1	"126129;2181;23305;3551;3953;51094;5781"	"10000;10645;10891;1147;126129;1374;1375;181;207;208;2180;2181;2182;23305;2475;2538;3551;3667;3717;3952;3953;4790;4792;4793;4794;4852;5105;5106;51094;51422;51703;53632;5443;5465;5562;5563;5564;5565;5571;5599;5601;5602;5781;57818;5970;6256;6257;6258;6513;6517;6774;6794;7124;7132;7133;7186;79602;84254;8471;8517;8660;8717;9021;9370;948"
"path:05014"	"Amyotrophic lateral sclerosis (ALS)"	"6/1047"	"53/21796"	0.0407677038305703	1	"11261;1616;2891;581;63928;834"	"10452;11261;120329;1432;1616;2890;2891;2902;2903;2904;2905;2906;317;4217;4741;4744;4747;4842;54205;5530;5532;5533;5534;5535;5600;5603;5606;5608;5630;572;57679;581;5868;5879;596;5961;598;6300;637;63928;6506;6647;7124;7132;7133;7157;79139;834;836;84134;842;847;9973"
"path:00071"	"Fatty acid metabolism"	"5/1047"	"42/21796"	0.0495976727087515	1	"126129;2181;23305;35;501"	"10449;10455;124;125;126;126129;127;128;130;131;1374;1375;1376;1579;1632;1892;1962;217;2180;2181;2182;219;223;224;23305;2639;284541;30;3030;3032;3033;33;34;35;36;37;38;39;501;51;51703;8310"
