"pathwayId"	"pathwayName"	"annMoleculeRatio"	"annBgRatio"	"pvalue"	"fdr"	"annMoleculeList"	"annBgMoleculeList"
"path:05130"	"Pathogenic Escherichia coli infection"	"8/1269"	"52/21796"	0.00988877388812015	1	"10094;203068;25;347733;7277;7278;7280;8440"	"10092;10093;10094;10095;10109;10376;10381;10382;10383;10552;112714;113457;1499;2017;203068;23643;25;2534;3059;347688;347733;3688;387;4690;4691;4950;51807;56604;60;6093;653888;7099;71;7100;7277;7278;7280;7430;7454;7846;79861;81027;81873;8440;84617;84790;8976;9181;929;9475;998;999"
"path:04972"	"Pancreatic secretion"	"11/1269"	"97/21796"	0.0253650222257994	1	"10136;2778;480;492;5407;5408;5874;63036;6548;81579;9545"	"100137049;10136;1056;107;108;1080;109;111;112;113;1131;114;115;1179;123745;1357;1358;1359;1360;1361;1506;1811;196883;219931;22802;23236;23436;23439;26279;2776;2778;30814;3708;3709;3710;3778;3784;387;391013;4218;476;477;478;480;481;482;483;486;487;488;489;490;491;492;493;50487;51032;5319;5320;5321;5322;5330;5331;5332;5406;5407;5408;5578;5579;5582;5644;5645;5646;5874;5879;5906;5908;6262;63036;6344;64600;6522;6548;6558;683;7220;81579;8398;8399;84647;8671;8681;8766;886;952;9545;9635"
"path:04141"	"Protein processing in endoplasmic reticulum"	"16/1269"	"167/21796"	0.0345618036312114	1	"10299;10970;11253;1410;27102;3337;55757;5589;56886;6048;6185;7327;7991;80331;92552;9601"	"100289713;10113;10130;10134;10273;10277;10294;10299;10427;10477;10483;10484;10525;10802;10808;10905;10952;10956;10960;10961;10970;11231;11253;118424;120329;1388;1409;1410;143630;1603;1649;1650;1965;201595;2081;22824;22872;22926;23193;23471;23480;23640;23645;258010;25956;26232;26270;267;27102;27248;285126;2923;29927;29978;29979;30001;3300;3301;3303;3304;3305;3306;3309;3310;3312;3320;3326;3337;3703;3998;4121;4217;4287;440275;468;4780;5034;50613;5071;51009;51128;51360;51465;51619;51726;54431;54788;55176;55432;55666;55741;55757;55768;55829;5589;55968;5599;5601;5602;5609;5610;5611;56605;56681;56886;56893;57134;573;578;581;5886;5887;596;6048;6184;6185;6238;6396;6400;64215;64374;6500;6745;6746;6747;6748;7095;7184;7186;7321;7322;7323;7324;7325;7326;7327;7353;7415;7466;7494;7841;79139;79748;7991;80267;80331;80700;811;81567;821;823;824;84447;8454;85479;8720;91319;92552;9373;9451;9532;9601;9632;9695;9709;9871;9978"
"path:04146"	"Peroxisome"	"9/1269"	"78/21796"	0.0370433860837126	1	"10901;1610;2181;4358;5052;5824;5826;5827;84188"	"10005;10455;10478;10654;10901;11001;11264;1384;1610;189;1891;1962;196743;2053;215;2180;2181;2182;225;23305;23417;23600;255027;25824;26061;26063;30;3155;3295;3417;3418;373156;390916;4358;4598;4843;5052;51;51179;51268;51703;5189;5190;5191;5192;5193;5194;5195;5264;54363;54677;55670;55711;55825;570;5824;5825;5826;5827;5828;5830;6342;6647;6648;7498;8309;8310;83594;84188;8443;847;8504;8528;8540;8799;8800;92960;9409"
