"pathwayId"	"pathwayName"	"annMoleculeRatio"	"annBgRatio"	"pvalue"	"fdr"	"annMoleculeList"	"annBgMoleculeList"
"path:05130"	"Pathogenic Escherichia coli infection"	"7/1260"	"52/21796"	0.029212392734572	1	"203068;25;347733;60;7277;7278;8440"	"10092;10093;10094;10095;10109;10376;10381;10382;10383;10552;112714;113457;1499;2017;203068;23643;25;2534;3059;347688;347733;3688;387;4690;4691;4950;51807;56604;60;6093;653888;7099;71;7100;7277;7278;7280;7430;7454;7846;79861;81027;81873;8440;84617;84790;8976;9181;929;9475;998;999"
"path:04110"	"Cell cycle"	"13/1260"	"127/21796"	0.0322344265886514	1	"1027;10735;23594;25;4087;4089;5933;64682;7027;7042;7531;890;891"	"1017;1019;1021;1022;1026;1027;10274;1028;1029;1030;1031;1032;10393;10459;10735;10744;10912;10926;10971;1111;11200;1387;1647;1869;1870;1871;1874;1875;2033;23594;23595;246184;25;25847;27127;2810;2932;29882;29945;3065;3066;4085;4087;4088;4089;4171;4172;4173;4174;4175;4176;4193;4609;4616;472;494551;4998;4999;5000;5001;5111;51343;51433;51434;51529;5347;545;5591;5885;5925;5933;5934;595;64682;6500;6502;650621;651610;699;701;7027;7029;7040;7042;7043;7157;7272;731751;7465;7529;7531;7532;7533;7534;7709;8243;8317;8318;8379;8454;85417;8555;8556;8697;8881;890;8900;891;894;896;898;902;9088;9126;9133;9134;9184;9232;9700;983;990;991;993;994;995;996;9978"
"path:03040"	"Spliceosome"	"13/1260"	"128/21796"	0.0340574684287289	1	"10285;11017;23020;23658;24148;3183;3190;51729;6428;6430;6431;6625;9939"	"10084;10189;10262;10285;10286;10291;10450;10465;10523;10569;10594;10713;10772;10907;10915;10929;10946;10992;11017;11157;11325;11338;144983;151903;153527;1655;1659;1665;220988;22827;22916;22938;22985;23020;23350;23450;23451;23658;24148;25766;25804;25949;26121;27258;27316;27339;29896;3178;3183;3190;3192;3303;3304;3305;3306;3310;3312;4116;4670;4686;4809;494115;5093;51340;51362;51503;51639;51645;51690;51691;51729;5356;55110;55119;55660;55696;56259;56949;57187;57461;57819;58517;6426;6427;6428;6429;6430;6431;6432;6434;653884;6625;6626;6627;6628;6629;6631;6632;6633;6634;6635;6636;6637;7307;7919;8175;83443;84321;8449;84844;84950;84991;8559;8683;8896;9092;9128;9129;9343;9410;9416;9716;9775;9785;9879;988;9939;9984"
"path:04146"	"Peroxisome"	"9/1260"	"78/21796"	0.0356408908215594	1	"10455;1610;2181;4358;5824;5827;84188;847;8799"	"10005;10455;10478;10654;10901;11001;11264;1384;1610;189;1891;1962;196743;2053;215;2180;2181;2182;225;23305;23417;23600;255027;25824;26061;26063;30;3155;3295;3417;3418;373156;390916;4358;4598;4843;5052;51;51179;51268;51703;5189;5190;5191;5192;5193;5194;5195;5264;54363;54677;55670;55711;55825;570;5824;5825;5826;5827;5828;5830;6342;6647;6648;7498;8309;8310;83594;84188;8443;847;8504;8528;8540;8799;8800;92960;9409"
