"pathwayId"	"pathwayName"	"annMoleculeRatio"	"annBgRatio"	"pvalue"	"fdr"	"annMoleculeList"	"annBgMoleculeList"
"path:03440"	"Homologous recombination"	"5/1051"	"28/21796"	0.0100573695255906	1	"5888;5892;5893;6117;80198"	"10111;10714;146956;25788;29935;4361;4683;5424;5425;57804;5888;5889;5890;5892;5893;6117;6118;6119;641;6742;675;7156;7516;7517;7979;80198;8438;8940"
"path:03320"	"PPAR signaling pathway"	"7/1051"	"67/21796"	0.0420218661781439	1	"10580;1582;1593;2181;2710;4312;51129"	"10062;10580;10998;10999;11001;116519;126129;1374;1375;1376;1579;1581;1582;1593;1622;1962;2167;2168;2169;2170;2171;2172;2173;2180;2181;2182;23305;2710;2712;284541;28965;30;33;335;336;34;345;3611;364;376497;4023;4312;4973;51;5105;5106;51129;5170;51703;5346;5360;5465;5467;5468;6256;6257;6258;6319;6342;7316;7350;79966;8309;8310;9370;9415;948"
"path:04110"	"Cell cycle"	"11/1051"	"127/21796"	0.0432333459836032	1	"1027;10735;25;4087;4171;64682;7027;7531;8317;891;983"	"1017;1019;1021;1022;1026;1027;10274;1028;1029;1030;1031;1032;10393;10459;10735;10744;10912;10926;10971;1111;11200;1387;1647;1869;1870;1871;1874;1875;2033;23594;23595;246184;25;25847;27127;2810;2932;29882;29945;3065;3066;4085;4087;4088;4089;4171;4172;4173;4174;4175;4176;4193;4609;4616;472;494551;4998;4999;5000;5001;5111;51343;51433;51434;51529;5347;545;5591;5885;5925;5933;5934;595;64682;6500;6502;650621;651610;699;701;7027;7029;7040;7042;7043;7157;7272;731751;7465;7529;7531;7532;7533;7534;7709;8243;8317;8318;8379;8454;85417;8555;8556;8697;8881;890;8900;891;894;896;898;902;9088;9126;9133;9134;9184;9232;9700;983;990;991;993;994;995;996;9978"
"path:00472"	"D-Arginine and D-ornithine metabolism"	"1/1051"	"1/21796"	0.0482198568544687	1	"1610"	"1610"
