"pathwayId"	"pathwayName"	"annMoleculeRatio"	"annBgRatio"	"pvalue"	"fdr"	"annMoleculeList"	"annBgMoleculeList"
"path:00563"	"Glycosylphosphatidylinositol(GPI)-anchor biosynthesis"	"5/1522"	"25/21796"	0.0271139560664382	1	"10026;51604;55650;80055;9487"	"10026;128869;23556;2822;284098;51227;51604;5277;5279;5281;5283;54872;54965;55650;80055;80235;84720;84992;8733;8818;9091;93183;94005;9487;9488"
"path:04141"	"Protein processing in endoplasmic reticulum"	"18/1522"	"167/21796"	0.0440050201392854	1	"10299;11253;1410;22926;27102;3337;55432;55757;5589;55968;5611;56886;6185;7327;7991;92552;9601;9871"	"100289713;10113;10130;10134;10273;10277;10294;10299;10427;10477;10483;10484;10525;10802;10808;10905;10952;10956;10960;10961;10970;11231;11253;118424;120329;1388;1409;1410;143630;1603;1649;1650;1965;201595;2081;22824;22872;22926;23193;23471;23480;23640;23645;258010;25956;26232;26270;267;27102;27248;285126;2923;29927;29978;29979;30001;3300;3301;3303;3304;3305;3306;3309;3310;3312;3320;3326;3337;3703;3998;4121;4217;4287;440275;468;4780;5034;50613;5071;51009;51128;51360;51465;51619;51726;54431;54788;55176;55432;55666;55741;55757;55768;55829;5589;55968;5599;5601;5602;5609;5610;5611;56605;56681;56886;56893;57134;573;578;581;5886;5887;596;6048;6184;6185;6238;6396;6400;64215;64374;6500;6745;6746;6747;6748;7095;7184;7186;7321;7322;7323;7324;7325;7326;7327;7353;7415;7466;7494;7841;79139;79748;7991;80267;80331;80700;811;81567;821;823;824;84447;8454;85479;8720;91319;92552;9373;9451;9532;9601;9632;9695;9709;9871;9978"
"path:04146"	"Peroxisome"	"10/1522"	"78/21796"	0.044413542635289	1	"1610;2181;373156;4358;5052;5824;5826;5827;84188;847"	"10005;10455;10478;10654;10901;11001;11264;1384;1610;189;1891;1962;196743;2053;215;2180;2181;2182;225;23305;23417;23600;255027;25824;26061;26063;30;3155;3295;3417;3418;373156;390916;4358;4598;4843;5052;51;51179;51268;51703;5189;5190;5191;5192;5193;5194;5195;5264;54363;54677;55670;55711;55825;570;5824;5825;5826;5827;5828;5830;6342;6647;6648;7498;8309;8310;83594;84188;8443;847;8504;8528;8540;8799;8800;92960;9409"
"path:00564"	"Glycerophospholipid metabolism"	"10/1522"	"79/21796"	0.0478053197561573	1	"1103;137964;150763;162466;253558;5319;54675;79888;81579;8760"	"100137049;10162;10390;1040;10400;10423;10434;10554;10555;1103;1119;1120;11313;123745;129642;137964;150763;154141;1606;1607;1608;160851;1609;162466;23171;23659;23761;253558;254531;26279;2819;2820;30814;391013;3931;43;50487;5130;5319;5320;5321;5322;5337;5338;54675;54947;55224;55500;56894;56895;56985;56994;57678;5833;64600;6901;79143;79888;81490;81579;8398;8399;8443;84647;84803;8525;8526;8527;85465;8611;8612;8613;8681;8760;9162;9468;9489;9791;9926"
