"pathwayId"	"pathwayName"	"annMoleculeRatio"	"annBgRatio"	"pvalue"	"fdr"	"annMoleculeList"	"annBgMoleculeList"
"path:04520"	"Adherens junction"	"7/760"	"70/21796"	0.0109062444382745	1	"10580;1496;2260;4087;5819;60;88"	"10163;10458;10580;10810;117178;1387;1457;1459;1460;1495;1496;1499;1500;1956;2033;2064;2260;2534;25945;29119;3480;3643;387;4008;4087;4088;4089;4233;4301;51176;51701;5594;5595;56288;5770;5777;5787;5792;5795;5797;5818;5819;5879;5880;5881;60;6591;6615;6714;6885;6932;6934;7046;7048;7082;71;7414;7454;7525;81;81607;83439;87;88;89;8936;8976;9855;998;999"
"path:00472"	"D-Arginine and D-ornithine metabolism"	"1/760"	"1/21796"	0.0348687832629848	1	"1610"	"1610"
"path:04060"	"Cytokine-cytokine receptor interaction"	"13/760"	"213/21796"	0.0364978106690736	1	"10563;116379;1441;27190;3572;3590;3594;3597;3606;50616;657;8742;943"	"10563;10663;10673;10803;10913;115650;116379;1230;1232;1233;1234;1235;1236;1237;1270;1271;1435;1436;1437;1438;1439;1440;1441;1489;149233;1524;163702;1896;1950;1956;2056;2057;2277;2321;2322;2323;2324;23495;23529;23765;268;269;2690;27190;27242;2826;2829;2833;3082;338376;3439;3440;3441;3442;3443;3444;3445;3446;3447;3448;3449;3451;3452;3454;3455;3456;3458;3459;3460;3467;355;3552;3553;3554;3556;3558;3559;356;3560;3561;3562;3563;3565;3566;3567;3568;3569;3570;3572;3574;3575;3576;3577;3578;3579;3581;3586;3587;3588;3589;3590;3592;3593;3594;3595;3596;3597;3600;3601;3604;3605;3606;3627;3791;3815;388372;3952;3953;3976;3977;4049;4050;4055;414062;4233;4254;4283;4352;4804;4982;5008;50615;50616;51330;5156;51561;5159;5196;5197;53832;53833;5473;55504;55540;55801;5617;5618;56832;57007;58191;58985;59067;60401;608;6348;6349;6351;6352;6370;6373;6376;6387;64109;643;64806;657;658;659;7040;7042;7043;7046;7048;7124;7132;7133;7173;7292;729230;7293;7424;7850;7852;84957;85480;8600;8718;8740;8741;8742;8743;8744;8764;8771;8784;8792;8807;8809;8995;90;91;9180;92;93;939;943;944;9547;9560;958;959;970;9966"
