"pathwayId"	"pathwayName"	"annMoleculeRatio"	"annBgRatio"	"pvalue"	"fdr"	"annMoleculeList"	"annBgMoleculeList"
"path:04122"	"Sulfur relay system"	"3/1346"	"10/21796"	0.0203167684089791	1	"27304;4338;81605"	"27304;348180;4337;4338;4357;55687;7263;81605;90353;9054"
"path:00790"	"Folate biosynthesis"	"3/1346"	"11/21796"	0.0266742074174668	1	"249;251;8836"	"1719;2356;248;249;250;251;2643;5805;5860;6697;8836"
"path:03440"	"Homologous recombination"	"5/1346"	"28/21796"	0.0267045311726051	1	"5888;5889;5893;6117;80198"	"10111;10714;146956;25788;29935;4361;4683;5424;5425;57804;5888;5889;5890;5892;5893;6117;6118;6119;641;6742;675;7156;7516;7517;7979;80198;8438;8940"
"path:00330"	"Arginine and proline metabolism"	"7/1346"	"54/21796"	0.0473455557167404	1	"113451;1159;1610;501;5625;5832;58510"	"112483;113451;1152;1158;1159;1160;1373;1610;162417;217;219;223;224;2593;26;262;2628;27165;2744;2746;2747;2752;2805;2806;283208;29920;383;384;4128;4129;435;445;4842;4843;4846;4942;4953;5009;501;5033;51056;548596;5625;5831;5832;58510;6303;65263;6611;6723;79814;8659;8974;95"
