"pathwayId"	"pathwayName"	"annMoleculeRatio"	"annBgRatio"	"pvalue"	"fdr"	"annMoleculeList"	"annBgMoleculeList"
"path:05200_4"	"Pathways in cancer"	"20/57"	"74/21796"	0	0	"10000;1027;208;2246;2260;25;26291;3551;4893;5728;596;5970;6655;6789;7157;7175;7185;8031;8074;867"	"10000;1027;10342;11186;1147;207;208;2246;2247;2248;2249;2250;2251;2252;2253;2254;2255;2256;2257;2258;2259;2260;2261;2263;23533;23624;25;26281;26291;27006;2885;3265;3551;3845;4193;4790;4791;4792;4893;4914;5290;5291;5293;5294;5295;5296;5728;596;5970;5979;613;6654;6655;6789;7157;7170;7175;7185;7186;7187;7188;7189;8030;8031;8074;8503;8517;867;868;8817;8822;8823;9618;9965"
"path:05200_16"	"Pathways in cancer"	"5/57"	"14/21796"	2.00953031992412e-10	2.00953031992412e-10	"1050;1441;1869;5914;6688"	"1050;1441;1869;1870;1871;3569;3728;5371;5914;652346;6688;7704;861;862"
